{
    "lights":[
        {
            "pos":[0, 200, 0],
            "color":[1, 1, 1]
        },
        {
            "pos":[-5, 2, -10],
            "color":[1, 1, 1]
        },
        {
            "pos":[5, 2, 10],
            "color":[1, 1, 1]
        }
    ],

    "cameras":[
        {}, {}, {}
    ],

    "name":"dinos",
    "materials":{
        "red":{
            "kd":[1.0, 0, 0.2]
        }
    },
    "children":[
        {
            "transform":[1, 0, 0, 0,
                         0, 0, 1, 0,
                         0, -1, 0, 0,
                         0, 0, 0, 1],
            "shapes":[
                {
                    "type":"mesh",
                    "filename":"../meshes/dinopet.off"
                }
            ]
        },{
    "transform":[1,0,0,15,0,-0.0000036732051285071066,1,0,0,-1,-0.0000036732051285071066,0,0,0,0,1],
    "shapes":[
        {
            "type":"mesh",
            "filename":"../meshes/dinopet.off"
        }
    ]
},{
    "transform":[0.9523335695266724,0.30505862832069397,0,14.270000457763672,0.0000011205429473193362,-0.0000034981164844793966,1,0,0.30505862832069397,-0.9523335695266724,-0.0000036732051285071066,4.639999866485596,0,0,0,1],
    "shapes":[
        {
            "type":"mesh",
            "filename":"../meshes/dinopet.off"
        }
    ]
},{
    "transform":[0.8080275058746338,0.589144766330719,0,12.140000343322754,0.0000021640496470354265,-0.00000296805069410766,1,0,0.589144766330719,-0.8080275058746338,-0.0000036732051285071066,8.819999694824219,0,0,0,1],
    "shapes":[
        {
            "type":"mesh",
            "filename":"../meshes/dinopet.off"
        }
    ]
},{
    "transform":[0.589788019657135,0.8075581192970276,0,8.819999694824219,0.000002966326519526774,-0.000002166412286896957,1,0,0.8075581192970276,-0.589788019657135,-0.0000036732051285071066,12.140000343322754,0,0,0,1],
    "shapes":[
        {
            "type":"mesh",
            "filename":"../meshes/dinopet.off"
        }
    ]
},{
    "transform":[0.3058169186115265,0.952090322971344,0,4.639999866485596,0.00000349722313330858,-0.0000011233282748435158,1,0,0.952090322971344,-0.3058169186115265,-0.0000036732051285071066,14.270000457763672,0,0,0,1],
    "shapes":[
        {
            "type":"mesh",
            "filename":"../meshes/dinopet.off"
        }
    ]
},{
    "transform":[0.0007963267271406949,0.9999997019767761,0,0,0.0000036732039916387293,-2.925071518333766e-9,1,0,0.9999997019767761,-0.0007963267271406949,-0.0000036732051285071066,15,0,0,0,1],
    "shapes":[
        {
            "type":"mesh",
            "filename":"../meshes/dinopet.off"
        }
    ]
},{
    "transform":[-0.3043001592159271,0.952576220035553,0,-4.630000114440918,0.000003499007789287134,0.0000011177569376741303,1,0,0.952576220035553,0.3043001592159271,-0.0000036732051285071066,14.270000457763672,0,0,0,1],
    "shapes":[
        {
            "type":"mesh",
            "filename":"../meshes/dinopet.off"
        }
    ]
},{
    "transform":[-0.5885010957717896,0.8084964156150818,0,-8.819999694824219,0.000002969773277072818,0.0000021616851881844923,1,0,0.8084964156150818,0.5885010957717896,-0.0000036732051285071066,12.140000343322754,0,0,0,1],
    "shapes":[
        {
            "type":"mesh",
            "filename":"../meshes/dinopet.off"
        }
    ]
},{
    "transform":[-0.8070881962776184,0.5904309153556824,0,-12.130000114440918,0.0000021687737898901105,0.0000029646005259564845,1,0,0.5904309153556824,0.8070881962776184,-0.0000036732051285071066,8.819999694824219,0,0,0,1],
    "shapes":[
        {
            "type":"mesh",
            "filename":"../meshes/dinopet.off"
        }
    ]
},{
    "transform":[-0.9518464803695679,0.3065750002861023,0,-14.270000457763672,0.0000011261128065598314,0.000003496327281027334,1,0,0.3065750002861023,0.9518464803695679,-0.0000036732051285071066,4.639999866485596,0,0,0,1],
    "shapes":[
        {
            "type":"mesh",
            "filename":"../meshes/dinopet.off"
        }
    ]
},{
    "transform":[-0.9999987483024597,0.0015926528722047806,0,-15,5.850140816221483e-9,0.0000036732005810335977,1,0,0.0015926528722047806,0.9999987483024597,-0.0000036732051285071066,0,0,0,0,1],
    "shapes":[
        {
            "type":"mesh",
            "filename":"../meshes/dinopet.off"
        }
    ]
},{
    "transform":[-0.9497352242469788,-0.3130543529987335,0,-14.270000457763672,-0.0000011499128049763385,0.0000034885722470789915,1,0,-0.3130543529987335,0.9497352242469788,-0.0000036732051285071066,-4.630000114440918,0,0,0,1],
    "shapes":[
        {
            "type":"mesh",
            "filename":"../meshes/dinopet.off"
        }
    ]
},{
    "transform":[-0.8089647889137268,-0.5878571271896362,0,-12.140000343322754,-0.0000021593198198388563,0.0000029714935863012215,1,0,-0.5878571271896362,0.8089647889137268,-0.0000036732051285071066,-8.819999694824219,0,0,0,1],
    "shapes":[
        {
            "type":"mesh",
            "filename":"../meshes/dinopet.off"
        }
    ]
},{
    "transform":[-0.5910734534263611,-0.8066177368164062,0,-8.819999694824219,-0.000002962872486023116,0.0000021711339286412112,1,0,-0.8066177368164062,0.5910734534263611,-0.0000036732051285071066,-12.130000114440918,0,0,0,1],
    "shapes":[
        {
            "type":"mesh",
            "filename":"../meshes/dinopet.off"
        }
    ]
},{
    "transform":[-0.3073328733444214,-0.9516021013259888,0,-4.639999866485596,-0.000003495429609756684,0.0000011288966561551206,1,0,-0.9516021013259888,0.3073328733444214,-0.0000036732051285071066,-14.270000457763672,0,0,0,1],
    "shapes":[
        {
            "type":"mesh",
            "filename":"../meshes/dinopet.off"
        }
    ]
},{
    "transform":[-0.0023889781441539526,-0.9999971389770508,0,0,-0.000003673194669318036,8.775206339350916e-9,1,0,-0.9999971389770508,0.0023889781441539526,-0.0000036732051285071066,-15,0,0,0,1],
    "shapes":[
        {
            "type":"mesh",
            "filename":"../meshes/dinopet.off"
        }
    ]
},{
    "transform":[0.3122979700565338,-0.9499841928482056,0,4.630000114440918,-0.000003489486744001624,-0.0000011471345260360977,1,0,-0.9499841928482056,-0.3122979700565338,-0.0000036732051285071066,-14.270000457763672,0,0,0,1],
    "shapes":[
        {
            "type":"mesh",
            "filename":"../meshes/dinopet.off"
        }
    ]
},{
    "transform":[0.5872127413749695,-0.8094326853752136,0,8.8100004196167,-0.000002973212303913897,-0.0000021569528598774923,1,0,-0.8094326853752136,-0.5872127413749695,-0.0000036732051285071066,-12.140000343322754,0,0,0,1],
    "shapes":[
        {
            "type":"mesh",
            "filename":"../meshes/dinopet.off"
        }
    ]
},{
    "transform":[0.8061468005180359,-0.5917155742645264,0,12.130000114440918,-0.0000021734927031502593,-0.000002961142627100344,1,0,-0.5917155742645264,-0.8061468005180359,-0.0000036732051285071066,-8.819999694824219,0,0,0,1],
    "shapes":[
        {
            "type":"mesh",
            "filename":"../meshes/dinopet.off"
        }
    ]
},{
    "transform":[0.9513570070266724,-0.30809056758880615,0,14.270000457763672,-0.0000011316798236293835,-0.000003494529437375604,1,0,-0.30809056758880615,-0.9513570070266724,-0.0000036732051285071066,-4.639999866485596,0,0,0,1],
    "shapes":[
        {
            "type":"mesh",
            "filename":"../meshes/dinopet.off"
        }
    ]
}
    ]
}